MIN=0	-30
MAX=40	30
SCALE=40	10
DEC=1	2
DEF="Zeit" t / s	"Spannung" U / V
0	-0,492201818598359
0,1	-0,511889891342294
0,2	-0,511889891342294
0,3	-0,531577964086228
0,4	-0,551266036830162
0,499	-0,570954109574097
0,6	-0,610330255061965
0,7	-0,649706400549834
0,8	-0,669394473293769
0,9	-0,708770618781637
1	-0,748146764269506
1,1	-0,76783483701344
1,2	-0,807210982501309
1,3	-0,826899055245244
1,4	-0,846587127989178
1,5	-0,866275200733112
1,6	-0,866275200733112
1,7	-0,885963273477047
1,8	-0,866275200733112
1,9	-0,866275200733112
2	-0,866275200733112
2,1	-0,846587127989178
2,2	-0,807210982501309
2,3	-0,787522909757375
2,4	-0,748146764269506
2,5	-0,728458691525572
2,6	-0,689082546037703
2,7	-0,649706400549834
2,8	-0,6300183278059
2,9	-0,590642182318031
3	-0,570954109574097
3,1	-0,551266036830162
3,2	-0,531577964086228
3,3	-0,531577964086228
3,4	-0,531577964086228
3,5	-0,531577964086228
3,6	-0,531577964086228
3,7	-0,551266036830162
3,8	-0,570954109574097
3,9	-0,590642182318031
4	-0,610330255061965
4,1	-0,6300183278059
4,2	-0,649706400549834
4,3	-0,689082546037703
4,4	-0,728458691525572
4,5	-0,748146764269506
4,6	-0,76783483701344
4,7	-0,807210982501309
4,8	-0,826899055245244
4,9	-0,846587127989178
5	-0,846587127989178
5,1	-0,866275200733112
5,2	-0,866275200733112
5,3	-0,846587127989178
5,4	-0,846587127989178
5,5	-0,826899055245244
5,6	-0,826899055245244
5,7	-0,787522909757375
5,8	-0,76783483701344
5,9	-0,748146764269506
6	-0,708770618781637
6,1	-0,689082546037703
6,2	-0,649706400549834
6,3	-0,6300183278059
6,4	-0,610330255061965
6,5	-0,590642182318031
6,6	-0,570954109574097
6,7	-0,551266036830162
6,8	-0,551266036830162
6,9	-0,551266036830162
7	-0,551266036830162
7,101	-0,551266036830162
7,2	-0,570954109574097
7,3	-0,590642182318031
7,4	-0,590642182318031
7,5	-0,6300183278059
7,6	-0,649706400549834
7,7	-0,669394473293769
7,8	-0,689082546037703
7,9	-0,708770618781637
8	-0,748146764269506
8,1	-0,76783483701344
8,2	-0,787522909757375
8,3	-0,807210982501309
8,399	-0,826899055245244
8,499	-0,826899055245244
8,599	-0,846587127989178
8,699	-0,826899055245244
8,799	-0,826899055245244
8,899	-0,826899055245244
8,999	-0,807210982501309
9,099	-0,787522909757375
9,199	-0,76783483701344
9,299	-0,748146764269506
9,399	-0,728458691525572
9,499	-0,708770618781637
9,599	-0,669394473293769
9,699	-0,649706400549834
9,799	-0,6300183278059
9,899	-0,610330255061965
9,999	-0,590642182318031
10,099	-0,590642182318031
10,199	-0,570954109574097
10,299	-0,570954109574097
10,399	-0,570954109574097
10,499	-0,570954109574097
10,599	-0,570954109574097
10,699	-0,590642182318031
10,799	-0,590642182318031
10,899	-0,610330255061965
10,999	-0,6300183278059
11,099	-0,649706400549834
11,199	-0,669394473293769
11,299	-0,689082546037703
11,399	-0,708770618781637
11,499	-0,748146764269506
11,599	-0,76783483701344
11,699	-0,787522909757375
11,799	-0,787522909757375
11,899	-0,807210982501309
11,999	-0,807210982501309
12,1	-0,807210982501309
12,199	-0,807210982501309
12,299	-0,807210982501309
12,399	-0,807210982501309
12,499	-0,787522909757375
12,599	-0,787522909757375
12,699	-0,76783483701344
12,8	-0,748146764269506
12,899	-0,708770618781637
12,999	-0,689082546037703
13,099	-0,669394473293769
13,199	-0,649706400549834
13,299	-0,6300183278059
13,399	-0,6300183278059
13,499	-0,610330255061965
13,599	-0,590642182318031
13,699	-0,590642182318031
13,799	-0,590642182318031
13,899	-0,590642182318031
13,999	-0,590642182318031
14,099	-0,590642182318031
14,199	-0,610330255061965
14,299	-0,610330255061965
14,399	-0,6300183278059
14,499	-0,649706400549834
14,599	-0,669394473293769
14,699	-0,689082546037703
14,799	-0,708770618781637
14,899	-0,728458691525572
14,999	-0,748146764269506
15,099	-0,748146764269506
15,199	-0,76783483701344
15,299	-0,787522909757375
15,399	-0,787522909757375
15,499	-0,787522909757375
15,599	-0,807210982501309
15,699	-0,807210982501309
15,799	-0,787522909757375
15,899	-0,787522909757375
15,999	-0,76783483701344
16,099	-0,76783483701344
16,199	-0,748146764269506
16,299	-0,728458691525572
16,399	-0,708770618781637
16,499	-0,689082546037703
16,599	-0,669394473293769
16,7	-0,649706400549834
16,799	-0,649706400549834
16,899	-0,6300183278059
16,999	-0,6300183278059
17,1	-0,610330255061965
17,199	-0,610330255061965
17,3	-0,610330255061965
17,4	-0,590642182318031
17,499	-0,610330255061965
17,599	-0,610330255061965
17,7	-0,610330255061965
17,8	-0,6300183278059
17,9	-0,649706400549834
18	-0,649706400549834
18,1	-0,669394473293769
18,2	-0,689082546037703
18,3	-0,708770618781637
18,4	-0,728458691525572
18,5	-0,748146764269506
18,6	-0,748146764269506
18,7	-0,76783483701344
18,8	-0,76783483701344
18,9	-0,787522909757375
19	-0,787522909757375
19,1	-0,787522909757375
19,2	-0,787522909757375
19,3	-0,787522909757375
19,4	-0,76783483701344
19,5	-0,76783483701344
19,6	-0,748146764269506
19,7	-0,748146764269506
19,8	-0,708770618781637
19,9	-0,708770618781637
20	-0,689082546037703
20,1	-0,669394473293769
20,2	-0,649706400549834
20,3	-0,649706400549834
20,4	-0,649706400549834
20,5	-0,6300183278059
20,6	-0,610330255061965
20,7	-0,610330255061965
20,8	-0,610330255061965
20,9	-0,610330255061965
21	-0,6300183278059
21,1	-0,6300183278059
21,2	-0,6300183278059
21,3	-0,649706400549834
21,4	-0,649706400549834
21,501	-0,669394473293769
21,6	-0,669394473293769
21,7	-0,689082546037703
21,8	-0,708770618781637
21,9	-0,728458691525572
22	-0,728458691525572
22,1	-0,748146764269506
22,2	-0,76783483701344
22,3	-0,76783483701344
22,4	-0,76783483701344
22,5	-0,76783483701344
22,6	-0,76783483701344
22,7	-0,76783483701344
22,8	-0,76783483701344
22,9	-0,748146764269506
23	-0,748146764269506
23,1	-0,748146764269506
23,2	-0,728458691525572
23,3	-0,708770618781637
23,4	-0,708770618781637
23,5	-0,689082546037703
23,6	-0,669394473293769
23,7	-0,669394473293769
23,8	-0,649706400549834
23,9	-0,649706400549834
24	-0,6300183278059
24,1	-0,6300183278059
24,2	-0,6300183278059
24,3	-0,6300183278059
24,399	-0,6300183278059
24,5	-0,6300183278059
24,6	-0,6300183278059
24,7	-0,649706400549834
24,8	-0,649706400549834
24,9	-0,669394473293769
25	-0,669394473293769
25,1	-0,689082546037703
25,2	-0,708770618781637
25,3	-0,708770618781637
25,399	-0,728458691525572
25,5	-0,748146764269506
25,6	-0,748146764269506
25,699	-0,748146764269506
25,8	-0,748146764269506
25,899	-0,76783483701344
26	-0,76783483701344
26,099	-0,76783483701344
26,199	-0,76783483701344
26,299	-0,748146764269506
26,399	-0,748146764269506
26,499	-0,728458691525572
26,599	-0,728458691525572
26,699	-0,708770618781637
26,799	-0,708770618781637
26,899	-0,689082546037703
26,999	-0,669394473293769
27,099	-0,669394473293769
27,2	-0,649706400549834
27,299	-0,649706400549834
27,399	-0,649706400549834
27,499	-0,649706400549834
27,599	-0,649706400549834
27,699	-0,649706400549834
27,799	-0,6300183278059
27,899	-0,649706400549834
27,999	-0,649706400549834
28,099	-0,649706400549834
28,199	-0,669394473293769
28,299	-0,669394473293769
28,399	-0,689082546037703
28,499	-0,689082546037703
28,599	-0,708770618781637
28,699	-0,708770618781637
28,799	-0,728458691525572
28,899	-0,728458691525572
28,999	-0,748146764269506
29,099	-0,748146764269506
29,199	-0,748146764269506
29,299	-0,748146764269506
29,399	-0,748146764269506
29,499	-0,748146764269506
29,599	-0,748146764269506
29,699	-0,748146764269506
29,799	-0,748146764269506
29,899	-0,728458691525572
29,999	-0,708770618781637
30,099	-0,708770618781637
30,199	-0,689082546037703
30,299	-0,689082546037703
30,399	-0,689082546037703
30,499	-0,669394473293769
30,599	-0,669394473293769
30,699	-0,649706400549834
30,799	-0,649706400549834
30,899	-0,649706400549834
30,999	-0,649706400549834
31,099	-0,649706400549834
31,199	-0,649706400549834
31,299	-0,649706400549834
31,399	-0,669394473293769
31,499	-0,669394473293769
31,599	-0,669394473293769
31,7	-0,689082546037703
31,799	-0,689082546037703
31,899	-0,689082546037703
31,999	-0,708770618781637
32,099	-0,708770618781637
32,199	-0,728458691525572
32,299	-0,728458691525572
32,399	-0,748146764269506
32,499	-0,748146764269506
32,6	-0,748146764269506
32,699	-0,748146764269506
32,799	-0,748146764269506
32,899	-0,748146764269506
32,999	-0,748146764269506
33,099	-0,728458691525572
33,199	-0,728458691525572
33,299	-0,708770618781637
33,399	-0,708770618781637
33,499	-0,708770618781637
33,599	-0,689082546037703
33,699	-0,689082546037703
33,799	-0,689082546037703
33,899	-0,669394473293769
33,999	-0,669394473293769
34,099	-0,669394473293769
34,199	-0,669394473293769
34,299	-0,649706400549834
34,399	-0,649706400549834
34,499	-0,649706400549834
34,599	-0,669394473293769
34,699	-0,669394473293769
34,799	-0,669394473293769
34,899	-0,669394473293769
34,999	-0,689082546037703
35,099	-0,689082546037703
35,199	-0,689082546037703
35,299	-0,708770618781637
35,399	-0,708770618781637
35,499	-0,708770618781637
35,599	-0,728458691525572
35,699	-0,728458691525572
35,8	-0,728458691525572
35,899	-0,748146764269506
35,999	-0,728458691525572
36,099	-0,748146764269506
36,199	-0,748146764269506
36,3	-0,728458691525572
36,4	-0,728458691525572
36,5	-0,728458691525572
36,6	-0,708770618781637
36,7	-0,708770618781637
36,8	-0,708770618781637
36,9	-0,689082546037703
37	-0,689082546037703
37,1	-0,689082546037703
37,2	-0,669394473293769
37,3	-0,669394473293769
37,4	-0,669394473293769
37,5	-0,669394473293769
37,6	-0,669394473293769
37,7	-0,649706400549834
37,8	-0,669394473293769
37,9	-0,669394473293769
38	-0,669394473293769
38,1	-0,669394473293769
38,2	-0,689082546037703
38,3	-0,689082546037703
38,4	-0,689082546037703
38,5	-0,708770618781637
38,6	-0,708770618781637
38,7	-0,708770618781637
38,8	-0,708770618781637
38,9	-0,728458691525572
39	-0,728458691525572
39,1	-0,728458691525572
39,2	-0,728458691525572
39,3	-0,728458691525572
