MIN=0	-30
MAX=40	30
SCALE=40	10
DEC=1	2
DEF="Zeit" t / s	"Spannung" U / V
0	-0,885963273477047
0,1	-0,885963273477047
0,2	-0,885963273477047
0,3	-0,866275200733112
0,4	-0,866275200733112
0,5	-0,846587127989178
0,6	-0,846587127989178
0,7	-0,846587127989178
0,8	-0,826899055245244
0,9	-0,807210982501309
1	-0,787522909757375
1,1	-0,76783483701344
1,2	-0,748146764269506
1,3	-0,748146764269506
1,4	-0,728458691525572
1,5	-0,708770618781637
1,6	-0,689082546037703
1,7	-0,669394473293769
1,8	-0,649706400549834
1,9	-0,649706400549834
2	-0,6300183278059
2,1	-0,610330255061965
2,2	-0,590642182318031
2,3	-0,590642182318031
2,4	-0,570954109574097
2,5	-0,551266036830162
2,6	-0,551266036830162
2,7	-0,551266036830162
2,8	-0,531577964086228
2,9	-0,531577964086228
3	-0,531577964086228
3,1	-0,531577964086228
3,2	-0,531577964086228
3,3	-0,531577964086228
3,4	-0,531577964086228
3,5	-0,531577964086228
3,6	-0,531577964086228
3,7	-0,531577964086228
3,8	-0,551266036830162
3,9	-0,551266036830162
4	-0,570954109574097
4,1	-0,570954109574097
4,2	-0,590642182318031
4,3	-0,610330255061965
4,4	-0,610330255061965
4,5	-0,6300183278059
4,6	-0,649706400549834
4,7	-0,649706400549834
4,799	-0,669394473293769
4,9	-0,689082546037703
5	-0,689082546037703
5,099	-0,708770618781637
5,2	-0,728458691525572
5,3	-0,748146764269506
5,4	-0,76783483701344
5,5	-0,76783483701344
5,599	-0,787522909757375
5,699	-0,787522909757375
5,799	-0,807210982501309
5,899	-0,826899055245244
5,999	-0,826899055245244
6,099	-0,826899055245244
6,199	-0,846587127989178
6,299	-0,846587127989178
6,399	-0,846587127989178
6,499	-0,846587127989178
6,599	-0,866275200733112
6,699	-0,846587127989178
6,799	-0,846587127989178
6,899	-0,846587127989178
6,999	-0,846587127989178
7,099	-0,846587127989178
7,199	-0,846587127989178
7,3	-0,826899055245244
7,399	-0,826899055245244
7,499	-0,807210982501309
7,599	-0,807210982501309
7,699	-0,787522909757375
7,799	-0,76783483701344
7,899	-0,76783483701344
7,999	-0,748146764269506
8,099	-0,748146764269506
8,199	-0,728458691525572
8,299	-0,708770618781637
8,399	-0,689082546037703
8,499	-0,689082546037703
8,599	-0,669394473293769
8,699	-0,649706400549834
8,799	-0,6300183278059
8,899	-0,6300183278059
8,999	-0,610330255061965
9,099	-0,610330255061965
9,199	-0,610330255061965
9,299	-0,590642182318031
9,4	-0,570954109574097
9,499	-0,570954109574097
9,599	-0,570954109574097
9,699	-0,551266036830162
9,799	-0,551266036830162
9,899	-0,551266036830162
9,999	-0,551266036830162
10,099	-0,551266036830162
10,2	-0,551266036830162
10,299	-0,551266036830162
10,399	-0,570954109574097
10,499	-0,570954109574097
10,599	-0,570954109574097
10,699	-0,590642182318031
10,799	-0,590642182318031
10,899	-0,610330255061965
11	-0,610330255061965
11,099	-0,6300183278059
11,199	-0,6300183278059
11,299	-0,649706400549834
11,399	-0,649706400549834
11,499	-0,669394473293769
11,599	-0,669394473293769
11,699	-0,689082546037703
11,799	-0,689082546037703
11,899	-0,708770618781637
11,999	-0,728458691525572
12,099	-0,748146764269506
12,199	-0,748146764269506
12,299	-0,76783483701344
12,399	-0,76783483701344
12,499	-0,787522909757375
12,599	-0,787522909757375
12,699	-0,787522909757375
12,799	-0,807210982501309
12,899	-0,807210982501309
12,999	-0,807210982501309
13,099	-0,807210982501309
13,199	-0,826899055245244
13,299	-0,826899055245244
13,399	-0,826899055245244
13,499	-0,826899055245244
13,599	-0,826899055245244
13,699	-0,826899055245244
13,799	-0,826899055245244
13,899	-0,807210982501309
13,999	-0,807210982501309
14,099	-0,807210982501309
14,199	-0,787522909757375
14,299	-0,787522909757375
14,4	-0,787522909757375
14,499	-0,76783483701344
14,599	-0,76783483701344
14,7	-0,748146764269506
14,799	-0,748146764269506
14,9	-0,728458691525572
15	-0,708770618781637
15,1	-0,708770618781637
15,2	-0,689082546037703
15,3	-0,689082546037703
15,4	-0,669394473293769
15,5	-0,669394473293769
15,6	-0,649706400549834
15,7	-0,649706400549834
15,8	-0,6300183278059
15,9	-0,6300183278059
16	-0,610330255061965
16,1	-0,610330255061965
16,2	-0,610330255061965
16,3	-0,590642182318031
16,4	-0,590642182318031
16,5	-0,590642182318031
16,6	-0,590642182318031
16,7	-0,590642182318031
16,8	-0,590642182318031
16,9	-0,590642182318031
17	-0,590642182318031
17,1	-0,590642182318031
17,2	-0,590642182318031
17,3	-0,590642182318031
17,4	-0,590642182318031
17,5	-0,590642182318031
17,6	-0,610330255061965
17,699	-0,610330255061965
17,8	-0,6300183278059
17,9	-0,6300183278059
18	-0,649706400549834
18,1	-0,649706400549834
18,2	-0,649706400549834
18,3	-0,669394473293769
18,4	-0,669394473293769
18,5	-0,689082546037703
18,6	-0,689082546037703
18,7	-0,708770618781637
18,8	-0,708770618781637
18,9	-0,708770618781637
19	-0,728458691525572
19,1	-0,748146764269506
19,2	-0,748146764269506
19,3	-0,748146764269506
19,4	-0,76783483701344
19,5	-0,76783483701344
19,6	-0,76783483701344
19,7	-0,787522909757375
19,8	-0,787522909757375
19,9	-0,787522909757375
20	-0,787522909757375
20,1	-0,787522909757375
20,2	-0,787522909757375
20,3	-0,787522909757375
20,4	-0,787522909757375
20,5	-0,787522909757375
20,6	-0,787522909757375
20,7	-0,787522909757375
20,8	-0,787522909757375
20,9	-0,787522909757375
21	-0,76783483701344
21,1	-0,76783483701344
21,2	-0,76783483701344
21,3	-0,748146764269506
21,4	-0,748146764269506
21,5	-0,748146764269506
21,6	-0,728458691525572
21,7	-0,728458691525572
21,8	-0,708770618781637
21,9	-0,708770618781637
22	-0,689082546037703
22,1	-0,689082546037703
22,201	-0,689082546037703
22,3	-0,669394473293769
22,4	-0,669394473293769
22,499	-0,649706400549834
22,6	-0,649706400549834
22,699	-0,649706400549834
22,799	-0,6300183278059
22,9	-0,6300183278059
22,999	-0,6300183278059
23,099	-0,6300183278059
23,199	-0,610330255061965
23,299	-0,610330255061965
23,399	-0,610330255061965
23,499	-0,610330255061965
23,599	-0,610330255061965
23,699	-0,610330255061965
23,8	-0,610330255061965
23,899	-0,610330255061965
23,999	-0,610330255061965
24,099	-0,6300183278059
24,199	-0,6300183278059
24,299	-0,6300183278059
24,399	-0,6300183278059
24,499	-0,649706400549834
24,599	-0,649706400549834
24,699	-0,649706400549834
24,799	-0,649706400549834
24,899	-0,649706400549834
24,999	-0,669394473293769
25,099	-0,669394473293769
25,199	-0,689082546037703
25,299	-0,689082546037703
25,399	-0,689082546037703
25,499	-0,708770618781637
25,599	-0,708770618781637
25,699	-0,708770618781637
25,799	-0,728458691525572
25,899	-0,728458691525572
25,999	-0,728458691525572
26,099	-0,748146764269506
26,199	-0,748146764269506
26,299	-0,748146764269506
26,399	-0,748146764269506
26,499	-0,748146764269506
26,599	-0,76783483701344
26,699	-0,76783483701344
26,799	-0,76783483701344
26,9	-0,76783483701344
26,999	-0,76783483701344
27,099	-0,76783483701344
27,199	-0,76783483701344
27,299	-0,76783483701344
27,399	-0,76783483701344
27,499	-0,76783483701344
27,599	-0,76783483701344
27,699	-0,76783483701344
27,799	-0,748146764269506
27,899	-0,748146764269506
27,999	-0,748146764269506
28,099	-0,748146764269506
28,199	-0,728458691525572
28,299	-0,728458691525572
28,399	-0,708770618781637
28,499	-0,708770618781637
28,599	-0,708770618781637
28,699	-0,708770618781637
28,799	-0,689082546037703
28,899	-0,689082546037703
28,999	-0,689082546037703
29,099	-0,689082546037703
29,199	-0,669394473293769
29,299	-0,669394473293769
29,399	-0,669394473293769
29,5	-0,669394473293769
29,599	-0,669394473293769
29,699	-0,649706400549834
29,799	-0,649706400549834
29,899	-0,649706400549834
29,999	-0,649706400549834
30,099	-0,649706400549834
30,2	-0,649706400549834
30,299	-0,649706400549834
30,399	-0,649706400549834
30,499	-0,649706400549834
30,599	-0,649706400549834
30,699	-0,649706400549834
30,799	-0,649706400549834
30,899	-0,649706400549834
30,999	-0,649706400549834
31,099	-0,649706400549834
31,199	-0,649706400549834
31,299	-0,669394473293769
31,399	-0,669394473293769
31,499	-0,669394473293769
31,599	-0,669394473293769
31,699	-0,669394473293769
31,799	-0,669394473293769
31,9	-0,689082546037703
31,999	-0,689082546037703
32,099	-0,689082546037703
32,199	-0,708770618781637
32,299	-0,708770618781637
32,399	-0,708770618781637
32,499	-0,708770618781637
32,599	-0,708770618781637
32,699	-0,708770618781637
32,799	-0,728458691525572
32,899	-0,728458691525572
32,999	-0,728458691525572
33,099	-0,728458691525572
33,199	-0,748146764269506
33,299	-0,748146764269506
33,399	-0,748146764269506
33,499	-0,748146764269506
33,599	-0,748146764269506
33,7	-0,748146764269506
33,8	-0,748146764269506
33,9	-0,748146764269506
34	-0,748146764269506
34,1	-0,748146764269506
34,2	-0,748146764269506
34,301	-0,748146764269506
34,4	-0,748146764269506
34,5	-0,748146764269506
34,6	-0,728458691525572
34,7	-0,728458691525572
34,8	-0,728458691525572
34,9	-0,728458691525572
35	-0,728458691525572
35,1	-0,708770618781637
35,2	-0,708770618781637
35,3	-0,708770618781637
35,4	-0,708770618781637
35,5	-0,708770618781637
35,6	-0,708770618781637
35,7	-0,689082546037703
35,8	-0,689082546037703
35,9	-0,689082546037703
36	-0,689082546037703
36,1	-0,689082546037703
36,2	-0,689082546037703
36,3	-0,669394473293769
36,4	-0,669394473293769
36,5	-0,669394473293769
36,6	-0,669394473293769
36,701	-0,669394473293769
36,8	-0,669394473293769
36,9	-0,669394473293769
37	-0,669394473293769
37,1	-0,669394473293769
37,2	-0,669394473293769
37,3	-0,669394473293769
37,4	-0,669394473293769
37,5	-0,669394473293769
37,6	-0,669394473293769
37,7	-0,689082546037703
37,8	-0,689082546037703
37,9	-0,689082546037703
38	-0,689082546037703
38,1	-0,689082546037703
38,2	-0,689082546037703
38,3	-0,689082546037703
38,4	-0,708770618781637
38,5	-0,708770618781637
38,6	-0,708770618781637
38,7	-0,708770618781637
38,8	-0,708770618781637
38,9	-0,708770618781637
39	-0,708770618781637
39,1	-0,708770618781637
39,2	-0,728458691525572
39,3	-0,728458691525572
39,4	-0,728458691525572
