MIN=0	-3
MAX=56,5685424949238	3
SCALE=56,5685424949238	1
DEC=2	3
DEF="Zeit" t / s	"Spannung" U / V
0	-0,19491192016495
0,05	-0,190974305616164
0,1	-0,185067883792983
0,15	-0,181130269244196
0,2	-0,177192654695409
0,25	-0,173255040146623
0,3	-0,171286232872229
0,35	-0,167348618323442
0,4	-0,165379811049049
0,45	-0,163411003774655
0,5	-0,159473389225869
0,55	-0,153566967402688
0,6	-0,147660545579508
0,65	-0,143722931030721
0,7	-0,135847701933147
0,75	-0,127972472835573
0,8	-0,120097243738
0,85	-0,110253207366033
0,9	-0,102377978268459
0,95	-0,0925339418964916
1	-0,0866275200733113
1,05	-0,0767834837013442
1,1	-0,0689082546037705
1,15	-0,0610330255061967
1,2	-0,0531577964086229
1,25	-0,0452825673110492
1,3	-0,0374073382134754
1,35	-0,0295321091159017
1,4	-0,0196880727439345
1,45	-0,0118128436463607
1,5	-0,00196880727439341
1,55	0,00590642182318035
1,6	0,0137816509207541
1,65	0,0255944945671146
1,7	0,0334697236646884
1,75	0,0433137600366554
1,8	0,0511889891342292
1,85	0,059064218231803
1,9	0,0649706400549834
1,95	0,0748146764269505
2	0,0846587127989178
2,05	0,0925339418964916
2,1	0,100409170994065
2,15	0,106315592817246
2,2	0,114190821914819
2,25	0,118128436463606
2,3	0,124034858286787
2,35	0,13191008738436
2,4	0,137816509207541
2,45	0,141754123756327
2,5	0,147660545579508
2,55	0,151598160128295
2,6	0,155535774677082
2,65	0,159473389225868
2,7	0,163411003774655
2,75	0,165379811049049
2,8	0,169317425597835
2,85	0,173255040146622
2,9	0,173255040146622
2,95	0,175223847421016
3	0,175223847421016
3,05	0,175223847421016
3,1	0,177192654695409
3,15	0,177192654695409
3,2	0,175223847421016
3,25	0,173255040146622
3,3	0,173255040146622
3,35	0,173255040146622
3,4	0,171286232872229
3,45	0,169317425597835
3,5	0,167348618323442
3,55	0,165379811049049
3,6	0,161442196500262
3,65	0,157504581951475
3,7	0,153566967402688
3,75	0,147660545579508
3,8	0,143722931030721
3,85	0,137816509207541
3,9	0,13191008738436
3,95	0,127972472835573
4	0,122066051012393
4,05	0,116159629189213
4,1	0,110253207366032
4,15	0,106315592817246
4,2	0,100409170994065
4,25	0,0945027491708849
4,3	0,0885963273477046
4,35	0,0807210982501309
4,4	0,0728458691525571
4,45	0,0630018327805899
4,5	0,0570954109574097
4,55	0,0511889891342292
4,6	0,0433137600366554
4,65	0,0354385309390817
4,7	0,0275633018415081
4,75	0,0196880727439344
4,8	0,0118128436463606
4,85	0,00393761454878683
4,9	-0,00393761454878694
4,95	-0,00984403637196718
5	-0,0177192654695409
5,05	-0,0255944945671147
5,1	-0,0334697236646885
5,15	-0,0413449527622621
5,2	-0,0492201818598359
5,25	-0,0551266036830164
5,3	-0,0649706400549834
5,35	-0,0708770618781639
5,4	-0,0787522909757375
5,45	-0,084658712798918
5,5	-0,090565134622098
5,55	-0,094502749170885
5,6	-0,100409170994065
5,65	-0,104346785542852
5,7	-0,110253207366033
5,75	-0,114190821914819
5,8	-0,122066051012393
5,85	-0,124034858286787
5,9	-0,129941280109967
5,95	-0,135847701933147
6	-0,137816509207541
6,05	-0,141754123756327
6,1	-0,145691738305114
6,15	-0,147660545579508
6,2	-0,149629352853901
6,25	-0,149629352853901
6,3	-0,151598160128295
6,35	-0,149629352853901
6,4	-0,149629352853901
6,45	-0,151598160128295
6,5	-0,151598160128295
6,55	-0,151598160128295
6,6	-0,151598160128295
6,65	-0,149629352853901
6,7	-0,149629352853901
6,75	-0,149629352853901
6,8	-0,147660545579508
6,85	-0,145691738305114
6,9	-0,143722931030721
6,95	-0,139785316481934
7	-0,137816509207541
7,05	-0,133878894658754
7,1	-0,129941280109967
7,15	-0,124034858286787
7,2	-0,122066051012393
7,25	-0,116159629189213
7,3	-0,112222014640426
7,35	-0,108284400091639
7,4	-0,102377978268459
7,45	-0,0964715564452785
7,5	-0,0885963273477047
7,55	-0,0866275200733113
7,6	-0,0787522909757375
7,65	-0,0728458691525572
7,7	-0,0649706400549834
7,75	-0,0570954109574097
7,8	-0,0511889891342294
7,85	-0,0433137600366557
7,9	-0,0374073382134754
7,95	-0,0275633018415081
8	-0,0216568800183279
8,05	-0,0157504581951475
8,1	-0,00787522909757377
8,15	-0,00196880727439341
8,2	0,00393761454878683
8,25	0,0118128436463606
8,3	0,0177192654695408
8,35	0,0255944945671146
8,4	0,0334697236646884
8,45	0,0413449527622621
8,5	0,045282567311049
8,55	0,0531577964086227
8,6	0,0570954109574097
8,65	0,0630018327805899
8,7	0,0689082546037703
8,75	0,0748146764269505
8,8	0,0807210982501309
8,85	0,0866275200733111
8,9	0,0925339418964916
8,95	0,0984403637196718
9	0,104346785542852
9,05	0,108284400091639
9,1	0,112222014640426
9,15	0,116159629189213
9,2	0,118128436463606
9,25	0,124034858286787
9,3	0,124034858286787
9,35	0,127972472835573
9,4	0,129941280109967
9,45	0,13191008738436
9,5	0,133878894658754
9,55	0,135847701933147
9,6	0,135847701933147
9,65	0,137816509207541
9,7	0,135847701933147
9,75	0,137816509207541
9,8	0,137816509207541
9,85	0,137816509207541
9,9	0,137816509207541
9,95	0,137816509207541
10	0,135847701933147
10,05	0,135847701933147
10,1	0,133878894658754
10,15	0,13191008738436
10,2	0,129941280109967
10,25	0,127972472835573
10,3	0,124034858286787
10,35	0,120097243738
10,4	0,118128436463606
10,45	0,114190821914819
10,5	0,110253207366032
10,55	0,104346785542852
10,6	0,102377978268459
10,65	0,0964715564452784
10,7	0,0925339418964916
10,75	0,0885963273477046
10,8	0,0826899055245243
10,85	0,076783483701344
10,9	0,0708770618781637
10,95	0,0649706400549834
11	0,059064218231803
11,05	0,0551266036830161
11,1	0,0492201818598359
11,15	0,0433137600366554
11,2	0,0393761454878686
11,25	0,0334697236646884
11,3	0,0255944945671146
11,35	0,0196880727439344
11,4	0,0118128436463606
11,45	0,00590642182318035
11,5	0
11,55	-0,00590642182318046
11,6	-0,0118128436463607
11,65	-0,0157504581951475
11,7	-0,0216568800183279
11,75	-0,0275633018415081
11,8	-0,0334697236646885
11,85	-0,0374073382134754
11,9	-0,0433137600366557
11,95	-0,0472513745854426
12	-0,0551266036830164
12,05	-0,0570954109574097
12,1	-0,0630018327805901
12,15	-0,0689082546037705
12,2	-0,0728458691525572
12,25	-0,0767834837013442
12,3	-0,0826899055245245
12,35	-0,0866275200733113
12,4	-0,0885963273477047
12,45	-0,0925339418964916
12,5	-0,0964715564452785
12,55	-0,100409170994065
12,6	-0,102377978268459
12,65	-0,104346785542852
12,7	-0,108284400091639
12,75	-0,110253207366033
12,8	-0,110253207366033
12,85	-0,110253207366033
12,9	-0,112222014640426
12,95	-0,114190821914819
13	-0,116159629189213
13,05	-0,114190821914819
13,1	-0,114190821914819
13,15	-0,114190821914819
13,2	-0,116159629189213
13,25	-0,116159629189213
13,3	-0,114190821914819
13,35	-0,114190821914819
13,4	-0,114190821914819
13,45	-0,112222014640426
13,5	-0,112222014640426
13,55	-0,110253207366033
13,6	-0,108284400091639
13,65	-0,104346785542852
13,7	-0,102377978268459
13,75	-0,0984403637196718
13,8	-0,094502749170885
13,85	-0,090565134622098
13,9	-0,0885963273477047
13,95	-0,0866275200733113
14	-0,080721098250131
14,05	-0,0767834837013442
14,1	-0,0728458691525572
14,15	-0,0689082546037705
14,2	-0,0649706400549834
14,25	-0,0590642182318032
14,3	-0,0551266036830164
14,35	-0,0492201818598359
14,4	-0,0452825673110492
14,45	-0,0413449527622621
14,5	-0,0374073382134754
14,55	-0,0315009163902951
14,6	-0,0255944945671147
14,65	-0,0196880727439345
14,7	-0,0157504581951475
14,75	-0,00984403637196718
14,8	-0,00590642182318046
14,85	0
14,9	0,00590642182318035
14,95	0,0118128436463606
15	0,0157504581951475
15,05	0,0216568800183279
15,1	0,0275633018415081
15,15	0,031500916390295
15,2	0,0374073382134752
15,25	0,0413449527622621
15,3	0,045282567311049
15,35	0,0492201818598359
15,4	0,0531577964086227
15,45	0,0570954109574097
15,5	0,0610330255061965
15,55	0,0649706400549834
15,6	0,0689082546037703
15,65	0,0728458691525571
15,7	0,076783483701344
15,75	0,0826899055245243
15,8	0,0866275200733111
15,85	0,090565134622098
15,9	0,0925339418964916
15,95	0,0945027491708849
16	0,0964715564452784
16,05	0,0984403637196718
16,1	0,100409170994065
16,15	0,100409170994065
16,2	0,102377978268459
16,25	0,102377978268459
16,3	0,104346785542852
16,35	0,104346785542852
16,4	0,106315592817246
16,45	0,106315592817246
16,5	0,106315592817246
16,55	0,106315592817246
16,6	0,106315592817246
16,65	0,106315592817246
16,7	0,106315592817246
16,75	0,106315592817246
16,8	0,104346785542852
16,85	0,102377978268459
16,9	0,100409170994065
16,95	0,0984403637196718
17	0,0964715564452784
17,05	0,0945027491708849
17,1	0,0925339418964916
17,15	0,090565134622098
17,2	0,0866275200733111
17,25	0,0826899055245243
17,3	0,0787522909757373
17,35	0,076783483701344
17,4	0,0728458691525571
17,45	0,0689082546037703
17,5	0,0649706400549834
17,55	0,0610330255061965
17,6	0,059064218231803
17,65	0,0551266036830161
17,7	0,0511889891342292
17,75	0,0472513745854424
17,8	0,0433137600366554
17,85	0,0413449527622621
17,9	0,0354385309390817
17,95	0,031500916390295
18	0,0275633018415081
18,05	0,0216568800183279
18,1	0,0177192654695408
18,15	0,0118128436463606
18,2	0,00787522909757377
18,25	0,00393761454878683
18,3	0
18,35	-0,00393761454878694
18,4	-0,00787522909757377
18,45	-0,00984403637196718
18,5	-0,0157504581951475
18,55	-0,0196880727439345
18,6	-0,0236256872927213
18,65	-0,0275633018415081
18,7	-0,0334697236646885
18,75	-0,0374073382134754
18,8	-0,0413449527622621
18,85	-0,0452825673110492
18,9	-0,0492201818598359
18,95	-0,0531577964086229
19	-0,0551266036830164
19,05	-0,0590642182318032
19,1	-0,0630018327805901
19,15	-0,0649706400549834
19,2	-0,066939447329377
19,25	-0,0708770618781639
19,3	-0,0728458691525572
19,35	-0,0748146764269507
19,4	-0,0787522909757375
19,45	-0,0787522909757375
19,5	-0,080721098250131
19,55	-0,0826899055245245
19,6	-0,0826899055245245
19,65	-0,084658712798918
19,7	-0,0866275200733113
19,75	-0,0866275200733113
19,8	-0,0866275200733113
19,85	-0,0866275200733113
19,9	-0,0885963273477047
19,95	-0,0866275200733113
20	-0,0866275200733113
20,05	-0,0866275200733113
20,1	-0,0866275200733113
20,15	-0,0866275200733113
20,2	-0,0866275200733113
20,25	-0,0866275200733113
20,3	-0,0826899055245245
20,35	-0,080721098250131
20,4	-0,080721098250131
20,45	-0,0787522909757375
20,5	-0,0767834837013442
20,55	-0,0728458691525572
20,6	-0,0728458691525572
20,65	-0,0689082546037705
20,7	-0,066939447329377
20,75	-0,0649706400549834
20,8	-0,0610330255061967
20,85	-0,0570954109574097
20,9	-0,0531577964086229
20,95	-0,0511889891342294
21	-0,0472513745854426
21,05	-0,0452825673110492
21,1	-0,0413449527622621
21,15	-0,0374073382134754
21,2	-0,0334697236646885
21,25	-0,0315009163902951
21,3	-0,0255944945671147
21,35	-0,0216568800183279
21,4	-0,0177192654695409
21,45	-0,0137816509207542
21,5	-0,00984403637196718
21,55	-0,00787522909757377
21,6	-0,00393761454878694
21,65	0
21,7	0,0019688072743933
21,75	0,00590642182318035
21,8	0,0118128436463606
21,85	0,0157504581951475
21,9	0,0177192654695408
21,95	0,0236256872927212
22	0,0255944945671146
22,05	0,0295321091159017
22,1	0,0334697236646884
22,15	0,0374073382134752
22,2	0,0393761454878686
22,25	0,0433137600366554
22,3	0,045282567311049
22,35	0,0472513745854424
22,4	0,0492201818598359
22,45	0,0511889891342292
22,5	0,0551266036830161
22,55	0,0570954109574097
22,6	0,0570954109574097
22,65	0,0610330255061965
22,7	0,0610330255061965
22,75	0,0630018327805899
22,8	0,0649706400549834
22,85	0,0669394473293767
22,9	0,0669394473293767
22,95	0,0689082546037703
23	0,0708770618781637
23,05	0,0708770618781637
23,1	0,0728458691525571
23,15	0,0728458691525571
23,2	0,0728458691525571
23,25	0,0728458691525571
23,3	0,0748146764269505
23,35	0,0748146764269505
23,4	0,0748146764269505
23,45	0,0748146764269505
23,5	0,0748146764269505
23,55	0,0748146764269505
23,6	0,0748146764269505
23,65	0,0728458691525571
23,7	0,0708770618781637
23,75	0,0708770618781637
23,8	0,0689082546037703
23,85	0,0669394473293767
23,9	0,0649706400549834
23,95	0,0630018327805899
24	0,0610330255061965
24,05	0,059064218231803
24,1	0,0570954109574097
24,15	0,0551266036830161
24,2	0,0531577964086227
24,25	0,0511889891342292
24,3	0,0492201818598359
24,35	0,0472513745854424
24,4	0,045282567311049
24,45	0,0433137600366554
24,5	0,0413449527622621
24,55	0,0393761454878686
24,6	0,0354385309390817
24,65	0,031500916390295
24,7	0,0275633018415081
24,75	0,0255944945671146
24,8	0,0216568800183279
24,85	0,0177192654695408
24,9	0,0157504581951475
24,95	0,0118128436463606
25	0,00787522909757377
25,05	0,00590642182318035
25,1	0,0019688072743933
25,15	0
25,2	-0,00393761454878694
25,25	-0,00787522909757377
25,3	-0,00984403637196718
25,35	-0,0118128436463607
25,4	-0,0157504581951475
25,45	-0,0177192654695409
25,5	-0,0196880727439345
25,55	-0,0236256872927213
25,6	-0,0275633018415081
25,65	-0,0295321091159017
25,7	-0,0334697236646885
25,75	-0,0354385309390819
25,8	-0,0393761454878688
25,85	-0,0413449527622621
25,9	-0,0433137600366557
25,95	-0,0452825673110492
26	-0,0472513745854426
26,05	-0,0492201818598359
26,1	-0,0511889891342294
26,15	-0,0531577964086229
26,2	-0,0551266036830164
26,25	-0,0551266036830164
26,3	-0,0570954109574097
26,35	-0,0590642182318032
26,4	-0,0590642182318032
26,45	-0,0610330255061967
26,5	-0,0610330255061967
26,55	-0,0610330255061967
26,6	-0,0610330255061967
26,65	-0,0630018327805901
26,7	-0,0610330255061967
26,75	-0,0630018327805901
26,8	-0,0630018327805901
26,85	-0,0610330255061967
26,9	-0,0630018327805901
26,95	-0,0610330255061967
27	-0,0610330255061967
27,05	-0,0610330255061967
27,1	-0,0590642182318032
27,15	-0,0590642182318032
27,2	-0,0570954109574097
27,25	-0,0570954109574097
27,3	-0,0551266036830164
27,35	-0,0531577964086229
27,4	-0,0511889891342294
27,45	-0,0492201818598359
27,5	-0,0472513745854426
27,55	-0,0433137600366557
27,6	-0,0413449527622621
27,65	-0,0393761454878688
27,7	-0,0374073382134754
27,75	-0,0354385309390819
27,8	-0,0315009163902951
27,85	-0,0295321091159017
27,9	-0,0275633018415081
27,95	-0,0236256872927213
28	-0,0216568800183279
28,05	-0,0196880727439345
28,1	-0,0157504581951475
28,15	-0,0157504581951475
28,2	-0,0118128436463607
28,25	-0,00984403637196718
28,3	-0,00590642182318046
28,35	-0,00393761454878694
28,4	0
28,45	0,0019688072743933
28,5	0,00393761454878683
28,55	0,00787522909757377
28,6	0,00984403637196707
28,65	0,0118128436463606
28,7	0,0157504581951475
28,75	0,0177192654695408
28,8	0,0196880727439344
28,85	0,0236256872927212
28,9	0,0255944945671146
28,95	0,0275633018415081
29	0,0295321091159017
29,05	0,031500916390295
29,1	0,0334697236646884
29,15	0,0354385309390817
29,2	0,0374073382134752
29,25	0,0393761454878686
29,3	0,0413449527622621
29,35	0,0433137600366554
29,4	0,0433137600366554
29,45	0,045282567311049
29,5	0,0472513745854424
29,55	0,0472513745854424
29,6	0,0492201818598359
29,65	0,0492201818598359
29,7	0,0492201818598359
29,75	0,0511889891342292
29,8	0,0511889891342292
29,85	0,0511889891342292
29,9	0,0511889891342292
29,95	0,0531577964086227
30	0,0511889891342292
30,05	0,0531577964086227
30,1	0,0531577964086227
30,15	0,0531577964086227
30,2	0,0531577964086227
30,25	0,0531577964086227
30,3	0,0531577964086227
30,35	0,0531577964086227
30,4	0,0511889891342292
30,45	0,0511889891342292
30,5	0,0492201818598359
30,55	0,0492201818598359
30,6	0,0472513745854424
30,65	0,045282567311049
30,7	0,045282567311049
30,75	0,0433137600366554
30,8	0,0413449527622621
30,85	0,0413449527622621
30,9	0,0393761454878686
30,95	0,0374073382134752
31	0,0354385309390817
31,05	0,0334697236646884
31,1	0,031500916390295
31,15	0,031500916390295
31,2	0,0295321091159017
31,25	0,0275633018415081
31,3	0,0255944945671146
31,35	0,0216568800183279
31,4	0,0216568800183279
31,45	0,0177192654695408
31,5	0,0157504581951475
31,55	0,0137816509207541
31,6	0,0118128436463606
31,65	0,00984403637196707
31,7	0,00590642182318035
31,75	0,00590642182318035
31,8	0,0019688072743933
31,85	0
31,9	0
31,95	-0,00393761454878694
32	-0,00590642182318046
32,05	-0,00787522909757377
32,1	-0,00984403637196718
32,15	-0,0118128436463607
32,2	-0,0137816509207542
32,25	-0,0157504581951475
32,3	-0,0177192654695409
32,35	-0,0196880727439345
32,4	-0,0216568800183279
32,45	-0,0236256872927213
32,5	-0,0255944945671147
32,55	-0,0275633018415081
32,6	-0,0295321091159017
32,65	-0,0315009163902951
32,7	-0,0334697236646885
32,75	-0,0334697236646885
32,8	-0,0334697236646885
32,85	-0,0354385309390819
32,9	-0,0354385309390819
32,95	-0,0374073382134754
33	-0,0374073382134754
33,05	-0,0374073382134754
33,1	-0,0374073382134754
33,15	-0,0393761454878688
33,2	-0,0374073382134754
33,25	-0,0374073382134754
33,3	-0,0374073382134754
33,35	-0,0374073382134754
33,4	-0,0393761454878688
33,45	-0,0393761454878688
33,5	-0,0393761454878688
33,55	-0,0393761454878688
33,6	-0,0393761454878688
33,65	-0,0374073382134754
33,7	-0,0374073382134754
33,75	-0,0374073382134754
33,8	-0,0374073382134754
33,85	-0,0354385309390819
33,9	-0,0354385309390819
33,95	-0,0334697236646885
34	-0,0334697236646885
34,05	-0,0295321091159017
34,1	-0,0295321091159017
34,15	-0,0275633018415081
34,2	-0,0255944945671147
34,25	-0,0255944945671147
34,3	-0,0216568800183279
34,35	-0,0216568800183279
34,4	-0,0216568800183279
34,45	-0,0196880727439345
34,5	-0,0177192654695409
34,55	-0,0157504581951475
34,6	-0,0137816509207542
34,65	-0,0137816509207542
34,7	-0,0118128436463607
34,75	-0,00984403637196718
34,8	-0,00787522909757377
34,85	-0,00590642182318046
34,9	-0,00196880727439341
34,95	-0,00196880727439341
35	0
35,05	0,0019688072743933
35,1	0,00393761454878683
35,15	0,00590642182318035
35,2	0,00787522909757377
35,25	0,00984403637196707
35,3	0,0118128436463606
35,35	0,0137816509207541
35,4	0,0137816509207541
35,45	0,0157504581951475
35,5	0,0177192654695408
35,55	0,0177192654695408
35,6	0,0216568800183279
35,65	0,0216568800183279
35,7	0,0236256872927212
35,75	0,0255944945671146
35,8	0,0255944945671146
35,85	0,0275633018415081
35,9	0,0295321091159017
35,95	0,0295321091159017
36	0,0295321091159017
36,05	0,031500916390295
36,1	0,031500916390295
36,15	0,031500916390295
36,2	0,0334697236646884
36,25	0,0334697236646884
36,3	0,0354385309390817
36,35	0,0334697236646884
36,4	0,0354385309390817
36,45	0,0354385309390817
36,5	0,0354385309390817
36,55	0,0354385309390817
36,6	0,0354385309390817
36,65	0,0354385309390817
36,7	0,0354385309390817
36,75	0,0354385309390817
36,8	0,0354385309390817
36,85	0,0354385309390817
36,9	0,0334697236646884
36,95	0,0334697236646884
37	0,0334697236646884
37,05	0,031500916390295
37,1	0,031500916390295
37,15	0,0295321091159017
37,2	0,0295321091159017
37,25	0,0275633018415081
37,3	0,0275633018415081
37,35	0,0275633018415081
37,4	0,0255944945671146
37,45	0,0236256872927212
37,5	0,0236256872927212
37,55	0,0216568800183279
37,6	0,0196880727439344
37,65	0,0177192654695408
37,7	0,0157504581951475
37,75	0,0157504581951475
37,8	0,0137816509207541
37,85	0,0118128436463606
37,9	0,0118128436463606
37,95	0,00984403637196707
38	0,00787522909757377
38,05	0,00590642182318035
38,1	0,00590642182318035
38,15	0,00393761454878683
38,2	0,0019688072743933
38,25	0,0019688072743933
38,3	0
38,35	-0,00196880727439341
38,4	-0,00393761454878694
38,45	-0,00393761454878694
38,5	-0,00590642182318046
38,55	-0,00787522909757377
38,6	-0,00787522909757377
38,65	-0,00984403637196718
38,7	-0,00984403637196718
38,75	-0,0118128436463607
38,8	-0,0118128436463607
38,85	-0,0137816509207542
38,9	-0,0137816509207542
38,95	-0,0157504581951475
39	-0,0157504581951475
39,05	-0,0157504581951475
39,1	-0,0177192654695409
39,15	-0,0177192654695409
39,2	-0,0177192654695409
39,25	-0,0196880727439345
39,3	-0,0196880727439345
39,35	-0,0216568800183279
39,4	-0,0216568800183279
39,45	-0,0216568800183279
39,5	-0,0216568800183279
39,55	-0,0216568800183279
39,6	-0,0216568800183279
39,65	-0,0216568800183279
39,7	-0,0216568800183279
39,75	-0,0216568800183279
39,8	-0,0216568800183279
39,85	-0,0216568800183279
39,9	-0,0216568800183279
39,95	-0,0216568800183279
40	-0,0216568800183279
40,05	-0,0216568800183279
40,1	-0,0216568800183279
40,15	-0,0216568800183279
40,2	-0,0216568800183279
40,25	-0,0216568800183279
40,3	-0,0196880727439345
40,35	-0,0196880727439345
40,4	-0,0196880727439345
40,45	-0,0177192654695409
40,5	-0,0177192654695409
40,55	-0,0157504581951475
40,6	-0,0157504581951475
40,65	-0,0137816509207542
40,7	-0,0137816509207542
40,75	-0,0118128436463607
40,8	-0,0118128436463607
40,85	-0,0118128436463607
40,9	-0,00984403637196718
40,95	-0,00984403637196718
41	-0,00787522909757377
41,05	-0,00590642182318046
41,1	-0,00787522909757377
41,15	-0,00590642182318046
41,2	-0,00393761454878694
41,25	-0,00393761454878694
41,3	0
41,35	0
41,4	0
41,45	0
41,5	0,0019688072743933
41,55	0,00393761454878683
41,6	0,00393761454878683
41,65	0,00393761454878683
41,7	0,00590642182318035
41,75	0,00590642182318035
41,8	0,00590642182318035
41,85	0,00787522909757377
41,9	0,00787522909757377
41,95	0,00984403637196707
42	0,0118128436463606
42,05	0,0118128436463606
42,1	0,0137816509207541
42,15	0,0118128436463606
42,2	0,0137816509207541
42,25	0,0157504581951475
42,3	0,0157504581951475
42,35	0,0157504581951475
42,4	0,0157504581951475
42,45	0,0157504581951475
42,5	0,0157504581951475
42,55	0,0177192654695408
42,6	0,0177192654695408
42,65	0,0177192654695408
42,7	0,0177192654695408
42,75	0,0177192654695408
42,8	0,0177192654695408
42,85	0,0196880727439344
42,9	0,0196880727439344
42,95	0,0177192654695408
43	0,0196880727439344
43,05	0,0177192654695408
43,1	0,0196880727439344
43,15	0,0196880727439344
43,2	0,0196880727439344
43,25	0,0177192654695408
43,3	0,0196880727439344
43,35	0,0196880727439344
43,4	0,0177192654695408
43,45	0,0177192654695408
43,5	0,0177192654695408
43,55	0,0157504581951475
43,6	0,0157504581951475
43,65	0,0157504581951475
43,7	0,0157504581951475
43,75	0,0137816509207541
43,8	0,0137816509207541
43,85	0,0137816509207541
43,9	0,0137816509207541
43,95	0,0137816509207541
44	0,0137816509207541
44,05	0,0118128436463606
44,1	0,0118128436463606
44,15	0,00984403637196707
44,2	0,00984403637196707
44,25	0,00984403637196707
44,3	0,00787522909757377
44,35	0,00787522909757377
44,4	0,00590642182318035
44,45	0,00590642182318035
44,5	0,00590642182318035
44,55	0,00393761454878683
44,6	0,00393761454878683
44,65	0,0019688072743933
44,7	0,0019688072743933
44,75	0
44,8	0,0019688072743933
44,85	0
44,9	0
44,95	0
45	-0,00196880727439341
45,05	-0,00196880727439341
45,1	-0,00393761454878694
45,15	-0,00393761454878694
45,2	-0,00393761454878694
45,25	-0,00590642182318046
45,3	-0,00393761454878694
45,35	-0,00590642182318046
45,4	-0,00590642182318046
45,45	-0,00787522909757377
45,5	-0,00590642182318046
45,55	-0,00787522909757377
45,6	-0,00787522909757377
45,65	-0,00787522909757377
